0.10202222222222213 
 0.03179999999999998 
 0.40923825757576054 
 0.29907601010101 
 0.49163093434343424 
 0.6646426767676736 
 0.3966645202020203 
 0.47633068181818355 
 0.07671477272727266 
 0.2617641414141417 
 0.5487378787878756 
 0.45554545454545886 
 0.055170833333333426 
 0.2595829545454543 
 0.1322486111111112 
 0.08957803030303031 
 0.4615119949494956 
 0.621207196969688 
 0.7203208333333186 
 0.541051641414134 
 0.2700829545454542 
 0.26196098484848435 
 0.08299507575757568 
 0.10450265151515144 
 0.025266666666666663 
 0.247314772727272 
 0.5079726010101008 
 0.2187098484848479 
 0.5807152777777762 
 0.1705486111111101 
 0.5797276515151435 
 0.3665065656565667 
 0.08133611111111104 
 0.3113465909090894 
 0.4261617424242446 
 0.27576515151515085 
 0.3160311868686869 
 0.3988155303030338 
 0.7011069444444381 
 0.4605996212121242 
 0.23369583333333294 
 0.08638863636363633 
 0.3513306818181816 
 0.3892190656565653 
 0.2720227272727264 
 0.10982500000000002 
 0.17229242424242416 
 0.5302988636363628 
 0.3640367424242452 
 0.3165022727272717 
 0.6798694444444313 
 0.23443863636363568 
 0.22056098484848488 
 0.4228344696969715 
 0.1231311868686863 
 0.3700248737373749 
 0.105 
 0.2050087121212122 
 0.37348194444444544 
 0.5445142676767675 
 0.4742780303030319 
 0.3320064393939381 
 0.4559121212121197 
 0.4239390151515178 
 0.018434722222222186 
 0.05827638888888897 
 0.3876299242424238 
 0.2931902777777785 
 0.29131666666666933 
 0.14641553030303006 
 0.22312108585858603 
 0.22139621212121183 
 0.17629810606060534 
 0.36359267676767715 
 0.23847361111111187 
 0.19335972222222225 
 0.19186250000000082 
 0.2141034090909088 
 0.3764424242424259 
 0.05769166666666686 
 0.39378472222222466 
 0.3182989898989915 
 0.1403200757575755 
 0.06712500000000002 
 0.14813093434343433 
 0.3855803030303042 
 0.43455618686868824 
 0.1735416666666668 
 0.07505416666666644 
 0.021 
 0.21163611111111022 
 0.20544166666666655 
 0.4068151515151529 
 0.10802929292929257 
 0.1957624999999987 
 0.3253049242424235 
 0.13336249999999997 
 0.15710643939393903 
 0.701908333333324 
 0.2643751262626237 
